 ##############################################################官方标定#################################################################
 Intrinsic of "Color" / 640x480 / {YUYV/RGB8/BGR8/RGBA8/BGRA8/Y16}
  Width:      	640
  Height:     	480
  PPX:        	318.371276855469
  PPY:        	247.435089111328
  Fx:         	605.787292480469
  Fy:         	605.908752441406
  Distortion: 	Inverse Brown Conrady
  Coeffs:     	0  	0  	0  	0  	0  
  FOV (deg):  	55.69 x 43.21
  
  
Extrinsic from "Color"	  To	  "Gyro" :
 Rotation Matrix:
   0.999719        -0.0229165       -0.00607252    
   0.0229525        0.999719         0.00592476    
   0.00593504      -0.00606247       0.999964      

 Translation Vector: -0.0205812267959118  0.00503827910870314  0.0116233117878437  

Extrinsic from "Color"	  To	  "Accel" :
 Rotation Matrix:
   0.999719        -0.0229165       -0.00607252    
   0.0229525        0.999719         0.00592476    
   0.00593504      -0.00606247       0.999964      

 Translation Vector: -0.0205812267959118  0.00503827910870314  0.0116233117878437  

Motion Intrinsic of "Gyro"	  MOTION_XYZ32F
Bias Variances: 	0.000000000000000  0.000000000000000  0.000000000000000  
Noise Variances: 	0.000000000000000  0.000000000000000  0.000000000000000  
Sensitivity : 
     1.000000       0.000000       0.000000       0.000000  
     0.000000       1.000000       0.000000       0.000000  
     0.000000       0.000000       1.000000       0.000000  


Motion Intrinsic of "Accel"	  MOTION_XYZ32F
Bias Variances: 	0.000000000000000  0.000000000000000  0.000000000000000  
Noise Variances: 	0.000000000000000  0.000000000000000  0.000000000000000  
Sensitivity : 
     1.000000       0.000000       0.000000       0.000000  
     0.000000       1.000000       0.000000       0.000000  
     0.000000       0.000000       1.000000       0.000000  
     
#############################################################自己标定########################################################
cam0:
  cam_overlaps: []
  camera_model: pinhole
  distortion_coeffs: [0.09369204312306238, -0.19957689960245323, 0.0006422587152622792, -0.0005446407360483577]
  distortion_model: radtan
  intrinsics: [601.4772275010507, 600.3037598752074, 318.55178420086133, 249.87861743133826]
  resolution: [640, 480]
  rostopic: /cam/image_raw
  
  
Transformation (cam0):
-----------------------
T_ci:  (imu0 to cam0): 
[[ 0.99971288  0.01964947  0.01371316  0.02460897]
 [-0.01959654  0.99980004 -0.00398313  0.00469955]
 [-0.01378869  0.00371326  0.99989804 -0.01674473]
 [ 0.          0.          0.          1.        ]]

T_ic:  (cam0 to imu0): 
[[ 0.99971288 -0.01959654 -0.01378869 -0.0247407 ]
 [ 0.01964947  0.99980004  0.00371326 -0.00511998]
 [ 0.01371316 -0.00398313  0.99989804  0.01642427]
 [ 0.          0.          0.          1.        ]]
